episode: 0 score: -80.0 average score: -80.0 best score: -inf epsilon: 0.9956400000000198 steps: 499
episode: 1 score: 50.0 average score: -15.0 best score: -80.0 epsilon: 0.9873400000000576 steps: 1329
episode: 2 score: 70.0 average score: 13.333333333333334 best score: -15.0 epsilon: 0.9822300000000809 steps: 1840
